==================
test 1:
prototype:
2 5 1 6 9 7 8 3 4
6 3 7 1 4 8 2 9 5
9 4 8 5 2 3 6 1 7
4 6 9 3 1 5 7 2 8
1 7 5 2 8 9 3 4 6
8 2 3 7 6 4 9 5 1
7 1 6 4 3 2 5 8 9
3 9 4 8 5 6 1 7 2
5 8 2 9 7 1 4 6 3
solution:
2 5 1 6 9 7 8 3 4
6 3 7 1 4 8 2 9 5
9 4 8 5 2 3 6 1 7
4 6 9 3 1 5 7 2 8
1 7 5 2 8 9 3 4 6
8 2 3 7 6 4 9 5 1
7 1 6 4 3 2 5 8 9
3 9 4 8 5 6 1 7 2
5 8 2 9 7 1 4 6 3
==================
test 2:
prototype:
5 1 9 2 3 4 8 6 7
2 8 3 7 6 9 5 4 1
7 4 6 8 1 5 2 3 9
1 3 2 4 5 8 7 9 6
4 7 5 1 9 6 3 8 2
6 9 8 3 2 7 1 5 4
3 2 4 6 8 1 9 7 5
9 6 1 5 7 3 4 2 8
8 5 7 9 4 2 6 1 3
solution:
5 1 9 2 3 4 8 6 7
2 8 3 7 6 9 5 4 1
7 4 6 8 1 5 2 3 9
1 3 2 4 5 8 7 9 6
4 7 5 1 9 6 3 8 2
6 9 8 3 2 7 1 5 4
3 2 4 6 8 1 9 7 5
9 6 1 5 7 3 4 2 8
8 5 7 9 4 2 6 1 3
==================
test 3:
prototype:
0 6 0 0 0 0 0 0 5
0 7 5 8 0 1 0 3 9
0 3 0 4 0 0 0 0 7
0 0 0 0 0 7 0 0 0
0 2 0 3 0 5 0 7 0
0 0 0 1 0 0 0 0 0
3 0 0 0 0 6 0 1 0
1 5 0 9 0 8 4 6 0
6 0 0 0 0 0 0 5 0
Testing: 2 at (0, 3)
0 6 0 2 7 3 1 4 5
4 7 5 8 6 1 2 3 9
2 3 1 4 5 9 6 8 7
0 0 0 6 0 7 0 0 0
0 2 0 3 0 5 0 7 0
0 0 0 1 0 0 0 0 0
3 0 0 5 0 6 0 1 0
1 5 0 9 0 8 4 6 0
6 0 0 7 0 0 0 5 0
Testing: 8 at (0, 0)
8 6 9 2 7 3 1 4 5
4 7 5 8 6 1 2 3 9
2 3 1 4 5 9 6 8 7
5 1 8 6 9 7 3 2 4
9 2 6 3 4 5 8 7 1
7 4 3 1 8 2 5 9 6
3 9 4 5 2 6 7 1 8
1 5 7 9 3 8 4 6 2
6 8 2 7 1 4 9 5 3
solution:
8 6 9 2 7 3 1 4 5
4 7 5 8 6 1 2 3 9
2 3 1 4 5 9 6 8 7
5 1 8 6 9 7 3 2 4
9 2 6 3 4 5 8 7 1
7 4 3 1 8 2 5 9 6
3 9 4 5 2 6 7 1 8
1 5 7 9 3 8 4 6 2
6 8 2 7 1 4 9 5 3
==================
test 4:
prototype:
0 0 0 0 0 0 3 0 4
0 3 0 0 1 0 2 0 5
0 0 0 0 0 6 9 7 1
0 0 3 0 0 4 8 0 2
0 5 1 0 0 0 4 9 7
0 0 9 0 0 0 6 0 3
0 0 0 0 0 1 5 4 8
0 2 0 4 9 0 1 3 6
0 0 0 0 0 0 7 2 9
Testing: 6 at (0, 7)
0 0 0 0 0 0 3 6 4
0 3 0 0 1 0 2 8 5
0 0 0 0 0 6 9 7 1
0 0 3 0 0 4 8 0 2
0 5 1 0 0 0 4 9 7
0 0 9 0 0 0 6 0 3
0 0 0 0 0 1 5 4 8
0 2 0 4 9 0 1 3 6
0 0 0 0 0 0 7 2 9
Testing: 7 at (1, 3)
0 0 0 0 0 0 3 6 4
0 3 0 7 1 9 2 8 5
0 0 0 0 0 6 9 7 1
0 0 3 0 0 4 8 0 2
0 5 1 0 0 0 4 9 7
0 0 9 0 0 0 6 0 3
0 0 0 0 0 1 5 4 8
0 2 0 4 9 0 1 3 6
0 0 0 0 0 0 7 2 9
Testing: 4 at (1, 0)
0 0 0 0 0 0 3 6 4
4 3 6 7 1 9 2 8 5
0 8 0 0 0 6 9 7 1
0 0 3 0 0 4 8 0 2
0 5 1 0 0 0 4 9 7
0 0 9 0 0 0 6 0 3
0 0 7 0 0 1 5 4 8
0 2 0 4 9 0 1 3 6
0 0 0 0 0 0 7 2 9
Testing: 2 at (0, 2)
9 0 2 0 0 0 3 6 4
4 3 6 7 1 9 2 8 5
5 8 0 0 0 6 9 7 1
0 0 3 9 0 4 8 0 2
0 5 1 0 0 0 4 9 7
0 0 9 0 0 0 6 0 3
0 9 7 0 0 1 5 4 8
8 2 5 4 9 7 1 3 6
0 0 4 0 0 0 7 2 9
Finished testing: 2 at (0, 2)
9 0 2 0 0 0 3 6 4
4 3 6 7 1 9 2 8 5
5 8 0 0 0 6 9 7 1
0 0 3 9 0 4 8 0 2
0 5 1 0 0 0 4 9 7
0 0 9 0 0 0 6 0 3
0 9 7 0 0 1 5 4 8
8 2 5 4 9 7 1 3 6
0 0 4 0 0 0 7 2 9
Testing: 5 at (0, 2)
9 0 5 0 0 0 3 6 4
4 3 6 7 1 9 2 8 5
5 8 2 3 4 6 9 7 1
0 0 3 9 0 4 8 0 2
0 5 1 0 0 0 4 9 7
0 0 9 0 0 0 6 0 3
0 9 7 0 0 1 5 4 8
8 2 5 4 9 7 1 3 6
0 0 4 0 0 0 7 2 9
Testing: 1 at (0, 1)
9 1 5 8 0 2 3 6 4
4 3 6 7 1 9 2 8 5
5 8 2 3 4 6 9 7 1
6 7 3 9 5 4 8 1 2
0 5 1 0 0 3 4 9 7
2 4 9 1 7 8 6 5 3
3 9 7 0 0 1 5 4 8
8 2 5 4 9 7 1 3 6
1 6 4 0 0 5 7 2 9
Finished testing: 1 at (0, 1)
9 1 5 8 0 2 3 6 4
4 3 6 7 1 9 2 8 5
5 8 2 3 4 6 9 7 1
6 7 3 9 5 4 8 1 2
0 5 1 0 0 3 4 9 7
2 4 9 1 7 8 6 5 3
3 9 7 0 0 1 5 4 8
8 2 5 4 9 7 1 3 6
1 6 4 0 0 5 7 2 9
Testing: 7 at (0, 1)
9 7 5 8 0 2 3 6 4
4 3 6 7 1 9 2 8 5
5 8 2 3 4 6 9 7 1
6 7 3 9 5 4 8 1 2
0 5 1 0 0 3 4 9 7
2 4 9 1 7 8 6 5 3
3 9 7 0 0 1 5 4 8
8 2 5 4 9 7 1 3 6
1 6 4 0 0 5 7 2 9
Finished testing: 7 at (0, 1)
9 7 5 8 0 2 3 6 4
4 3 6 7 1 9 2 8 5
5 8 2 3 4 6 9 7 1
6 7 3 9 5 4 8 1 2
0 5 1 0 0 3 4 9 7
2 4 9 1 7 8 6 5 3
3 9 7 0 0 1 5 4 8
8 2 5 4 9 7 1 3 6
1 6 4 0 0 5 7 2 9
Finished testing: 5 at (0, 2)
9 7 5 8 0 2 3 6 4
4 3 6 7 1 9 2 8 5
5 8 2 3 4 6 9 7 1
6 7 3 9 5 4 8 1 2
0 5 1 0 0 3 4 9 7
2 4 9 1 7 8 6 5 3
3 9 7 0 0 1 5 4 8
8 2 5 4 9 7 1 3 6
1 6 4 0 0 5 7 2 9
Finished testing: 4 at (1, 0)
9 7 5 8 0 2 3 6 4
4 3 6 7 1 9 2 8 5
5 8 2 3 4 6 9 7 1
6 7 3 9 5 4 8 1 2
0 5 1 0 0 3 4 9 7
2 4 9 1 7 8 6 5 3
3 9 7 0 0 1 5 4 8
8 2 5 4 9 7 1 3 6
1 6 4 0 0 5 7 2 9
Testing: 6 at (1, 0)
9 7 5 8 0 2 3 6 4
6 3 6 7 1 9 2 8 5
5 8 2 3 4 6 9 7 1
6 7 3 9 5 4 8 1 2
0 5 1 0 0 3 4 9 7
2 4 9 1 7 8 6 5 3
3 9 7 0 0 1 5 4 8
8 2 5 4 9 7 1 3 6
1 6 4 0 0 5 7 2 9
Finished testing: 6 at (1, 0)
9 7 5 8 0 2 3 6 4
6 3 6 7 1 9 2 8 5
5 8 2 3 4 6 9 7 1
6 7 3 9 5 4 8 1 2
0 5 1 0 0 3 4 9 7
2 4 9 1 7 8 6 5 3
3 9 7 0 0 1 5 4 8
8 2 5 4 9 7 1 3 6
1 6 4 0 0 5 7 2 9
Finished testing: 7 at (1, 3)
9 7 5 8 0 2 3 6 4
6 3 6 7 1 9 2 8 5
5 8 2 3 4 6 9 7 1
6 7 3 9 5 4 8 1 2
0 5 1 0 0 3 4 9 7
2 4 9 1 7 8 6 5 3
3 9 7 0 0 1 5 4 8
8 2 5 4 9 7 1 3 6
1 6 4 0 0 5 7 2 9
Testing: 9 at (1, 3)
9 7 5 8 0 2 3 6 4
6 3 6 9 1 9 2 8 5
5 8 2 3 4 6 9 7 1
6 7 3 9 5 4 8 1 2
0 5 1 0 0 3 4 9 7
2 4 9 1 7 8 6 5 3
3 9 7 0 0 1 5 4 8
8 2 5 4 9 7 1 3 6
1 6 4 0 0 5 7 2 9
Finished testing: 9 at (1, 3)
9 7 5 8 0 2 3 6 4
6 3 6 9 1 9 2 8 5
5 8 2 3 4 6 9 7 1
6 7 3 9 5 4 8 1 2
0 5 1 0 0 3 4 9 7
2 4 9 1 7 8 6 5 3
3 9 7 0 0 1 5 4 8
8 2 5 4 9 7 1 3 6
1 6 4 0 0 5 7 2 9
Finished testing: 6 at (0, 7)
9 7 5 8 0 2 3 6 4
6 3 6 9 1 9 2 8 5
5 8 2 3 4 6 9 7 1
6 7 3 9 5 4 8 1 2
0 5 1 0 0 3 4 9 7
2 4 9 1 7 8 6 5 3
3 9 7 0 0 1 5 4 8
8 2 5 4 9 7 1 3 6
1 6 4 0 0 5 7 2 9
Testing: 8 at (0, 7)
9 7 5 8 0 2 3 8 4
6 3 6 9 1 9 2 8 5
5 8 2 3 4 6 9 7 1
6 7 3 9 5 4 8 1 2
0 5 1 0 0 3 4 9 7
2 4 9 1 7 8 6 5 3
3 9 7 0 0 1 5 4 8
8 2 5 4 9 7 1 3 6
1 6 4 0 0 5 7 2 9
Finished testing: 8 at (0, 7)

solution:
2 5 1 6 9 7 8 3 4
6 3 7 1 4 8 2 9 5
9 4 8 5 2 3 6 1 7
4 6 9 3 1 5 7 2 8
1 7 5 2 8 9 3 4 6
8 2 3 7 6 4 9 5 1
7 1 6 4 3 2 5 8 9
3 9 4 8 5 6 1 7 2
5 8 2 9 7 1 4 6 3
==================
test 5:
prototype:
2 5 1 6 9 7 8 3 4
6 3 7 1 4 8 2 9 5
9 4 8 5 2 3 6 1 7
4 6 9 3 1 5 7 2 8
1 7 5 2 8 9 3 4 6
8 2 3 7 6 4 9 5 1
7 1 6 4 3 2 5 8 9
3 9 4 8 5 6 1 7 2
5 8 2 9 7 1 4 6 3
solution:
2 5 1 6 9 7 8 3 4
6 3 7 1 4 8 2 9 5
9 4 8 5 2 3 6 1 7
4 6 9 3 1 5 7 2 8
1 7 5 2 8 9 3 4 6
8 2 3 7 6 4 9 5 1
7 1 6 4 3 2 5 8 9
3 9 4 8 5 6 1 7 2
5 8 2 9 7 1 4 6 3
